RX:1|1,2|1,3|0,4|0,5|1,6|0,7|1    count:40
RX:1|1,2|1,3|0,4|0,5|1,6|0,7|1    count:41
RX:1|1,2|1,3|0,4|0,5|1,6|0,7|1    count:42
RX:1|1,2|1,3|0,4|0,5|1,6|0,7|1    count:43
RX:1|1,2|1,3|0,4|0,5|1,6|0,7|1    count:44
RX:1|1,2|1,3|0,4|0,5|1,6|0,7|1    count:45
RX:1|1,2|1,3|0,4|0,5|1,6|0,7|1    count:46
RX:1|1,2|1,3|0,4|0,5|1,6|0,7|1    count:47
RX:1|1,2|1,3|0,4|0,5|1,6|0,7|1    count:48
RX:1|1,2|1,3|0,4|0,5|1,6|0,7|1    count:49
RX:1|1,2|1,3|0,4|0,5|1,6|0,7|1    count:50
RX:1|1,2|1,3|0,4|0,5|1,6|0,7|1    count:51
RX:1|1,2|1,3|0,4|0,5|1,6|0,7|1    count:52
RX:1|1,2|1,3|0,4|0,5|1,6|0,7|1    count:53
RX:1|1,2|1,3|0,4|0,5|1,6|0,7|1    count:54
RX:1|1,2|1,3|0,4|0,5|1,6|0,7|1    count:55
RX:1|1,2|1,3|0,4|0,5|1,6|0,7|1    count:56
RX:1|1,2|1,3|0,4|0,5|1,6|0,7|1    count:57
RX:1|1,2|1,3|0,4|0,5|1,6|0,7|1    count:58
RX:1|1,2|1,3|0,4|0,5|1,6|0,7|1    count:59
RX:1|1,2|1,3|0,4|0,5|1,6|0,7|1    count:60
RX:1|1,2|1,3|0,4|0,5|1,6|0,7|1    count:61
RX:1|1,2|1,3|0,4|0,5|1,6|0,7|1    count:62
RX:1|1,2|1,3|0,4|0,5|1,6|0,7|1    count:63
RX:1|1,2|1,3|0,4|0,5|1,6|0,7|1    count:64
RX:1|1,2|1,3|0,4|0,5|1,6|0,7|1    count:65
RX:1|1,2|1,3|0,4|0,5|1,6|0,7|1    count:66
RX:1|1,2|1,3|0,4|0,5|1,6|0,7|1    count:67
RX:1|1,2|1,3|0,4|0,5|1,6|0,7|1    count:68
RX:1|1,2|1,3|0,4|0,5|1,6|0,7|1    count:69
RX:1|1,2|1,3|0,4|0,5|1,6|0,7|1    count:70
