RX:1|0,2|0,3|0,4|0    count:21
RX:1|0,2|0,3|0,4|0    count:22
RX:1|0,2|0,3|0,4|0    count:23
RX:1|0,2|0,3|0,4|0    count:24
RX:1|0,2|0,3|0,4|0    count:25
RX:1|0,2|0,3|0,4|0    count:26
RX:1|0,2|0,3|0,4|0    count:27
RX:1|0,2|0,3|0,4|0    count:28
RX:1|0,2|0,3|0,4|0    count:29
RX:1|0,2|0,3|0,4|0    count:30
RX:1|0,2|0,3|0,4|0    count:31
RX:1|0,2|0,3|0,4|0    count:32
RX:1|0,2|0,3|0,4|0    count:33
RX:1|0,2|0,3|0,4|0    count:34
RX:1|0,2|0,3|0,4|0    count:35
RX:1|0,2|0,3|0,4|0    count:36
RX:1|0,2|0,3|0,4|0    count:37
RX:1|0,2|0,3|0,4|0    count:38
RX:1|0,2|0,3|0,4|0    count:39
RX:1|0,2|0,3|0,4|0    count:40
RX:1|0,2|0,3|0,4|0    count:41
RX:1|0,2|0,3|0,4|0    count:42
RX:1|0,2|0,3|0,4|0    count:43
RX:1|0,2|0,3|0,4|0    count:44
RX:1|0,2|0,3|0,4|0    count:45
RX:1|0,2|0,3|0,4|0    count:46
RX:1|0,2|0,3|0,4|0    count:47
RX:1|0,2|0,3|0,4|0    count:48
RX:1|0,2|0,3|0,4|0    count:49
RX:1|0,2|0,3|0,4|0    count:50
RX:1|0,2|0,3|0,4|0    count:51
RX:1|0,2|0,3|0,4|0    count:52
RX:1|0,2|0,3|0,4|0    count:53
RX:1|0,2|0,3|0,4|0    count:54
RX:1|0,2|0,3|0,4|0    count:55
RX:1|0,2|0,3|0,4|0    count:56
RX:1|0,2|0,3|0,4|0    count:57
RX:1|0,2|0,3|0,4|0    count:58
RX:1|0,2|0,3|0,4|0    count:59
RX:1|0,2|0,3|0,4|0    count:60
RX:1|0,2|0,3|0,4|0    count:61
RX:1|0,2|0,3|0,4|0    count:62
RX:1|0,2|0,3|0,4|0    count:63
RX:1|0,2|0,3|0,4|0    count:64
RX:1|0,2|0,3|0,4|0    count:65
RX:1|0,2|0,3|0,4|0    count:66
RX:1|0,2|0,3|0,4|0    count:67
RX:1|0,2|0,3|0,4|0    count:68
RX:1|0,2|0,3|0,4|0    count:69
RX:1|0,2|0,3|0,4|0    count:70
RX:1|0,2|0,3|0,4|0    count:71
RX:1|0,2|0,3|0,4|0    count:72
RX:1|0,2|0,3|0,4|0    count:73
