RX:1|1,2|1,3|0,4|0,5|1,6|0,7|1    count:77
RX:1|1,2|1,3|0,4|0,5|1,6|0,7|1    count:78
RX:1|1,2|1,3|0,4|0,5|1,6|0,7|1    count:79
RX:1|1,2|1,3|0,4|0,5|1,6|0,7|1    count:80
RX:1|1,2|1,3|0,4|0,5|1,6|0,7|1    count:81
RX:1|1,2|1,3|0,4|0,5|1,6|0,7|1    count:82
RX:1|1,2|1,3|0,4|0,5|1,6|0,7|1    count:83
RX:1|1,2|1,3|0,4|0,5|1,6|0,7|1    count:84
RX:1|1,2|1,3|0,4|0,5|1,6|0,7|1    count:85
RX:1|1,2|1,3|0,4|0,5|1,6|0,7|1    count:86
RX:1|1,2|1,3|0,4|0,5|1,6|0,7|1    count:87
RX:1|1,2|1,3|0,4|0,5|1,6|0,7|1    count:88
RX:1|1,2|1,3|0,4|0,5|1,6|0,7|1    count:89
RX:1|1,2|1,3|0,4|0,5|1,6|0,7|1    count:90
RX:1|1,2|1,3|0,4|0,5|1,6|0,7|1    count:91
RX:1|1,2|1,3|0,4|0,5|1,6|0,7|1    count:92
RX:1|1,2|1,3|0,4|0,5|1,6|0,7|1    count:93
RX:1|1,2|1,3|0,4|0,5|1,6|0,7|1    count:94
RX:1|1,2|1,3|0,4|0,5|1,6|0,7|1    count:95
RX:1|1,2|1,3|0,4|0,5|1,6|0,7|1    count:96
RX:1|1,2|1,3|0,4|0,5|1,6|0,7|1    count:97
RX:1|1,2|1,3|0,4|0,5|1,6|0,7|1    count:98
RX:1|1,2|1,3|0,4|0,5|1,6|0,7|1    count:99
RX:1|1,2|1,3|0,4|0,5|1,6|0,7|1    count:100
RX:1|1,2|1,3|0,4|0,5|1,6|0,7|1    count:101
RX:1|1,2|1,3|0,4|0,5|1,6|0,7|1    count:102
RX:1|1,2|1,3|0,4|0,5|1,6|0,7|1    count:103
RX:1|1,2|1,3|0,4|0,5|1,6|0,7|1    count:104
RX:1|1,2|1,3|0,4|0,5|1,6|0,7|1    count:105
RX:1|1,2|1,3|0,4|0,5|1,6|0,7|1    count:106
RX:1|1,2|1,3|0,4|0,5|1,6|0,7|1    count:107
RX:1|1,2|1,3|0,4|0,5|1,6|0,7|1    count:108
RX:1|1,2|1,3|0,4|0,5|1,6|0,7|1    count:109
RX:1|1,2|1,3|0,4|0,5|1,6|0,7|1    count:110
RX:1|1,2|1,3|0,4|0,5|1,6|0,7|1    count:111
RX:1|1,2|1,3|0,4|0,5|1,6|0,7|1    count:112
RX:1|1,2|1,3|0,4|0,5|1,6|0,7|1    count:113
RX:1|1,2|1,3|0,4|0,5|1,6|0,7|1    count:114
RX:1|1,2|1,3|0,4|0,5|1,6|0,7|1    count:115
RX:1|1,2|1,3|0,4|0,5|1,6|0,7|1    count:116
RX:1|1,2|1,3|0,4|0,5|1,6|0,7|1    count:117
RX:1|1,2|1,3|0,4|0,5|1,6|0,7|1    count:118
RX:1|1,2|1,3|0,4|0,5|1,6|0,7|1    count:119
RX:1|1,2|1,3|0,4|0,5|1,6|0,7|1    count:120
RX:1|1,2|1,3|0,4|0,5|1,6|0,7|1    count:121
RX:1|1,2|1,3|0,4|0,5|1,6|0,7|1    count:122
RX:1|1,2|1,3|0,4|0,5|1,6|0,7|1    count:123
RX:1|1,2|1,3|0,4|0,5|1,6|0,7|1    count:124
RX:1|1,2|1,3|0,4|0,5|1,6|0,7|1    count:125
RX:1|1,2|1,3|0,4|0,5|1,6|0,7|1    count:126
RX:1|1,2|1,3|0,4|0,5|1,6|0,7|1    count:127
RX:1|1,2|1,3|0,4|0,5|1,6|0,7|1    count:128
RX:1|1,2|1,3|0,4|0,5|1,6|0,7|1    count:129
RX:1|1,2|1,3|0,4|0,5|1,6|0,7|1    count:130
RX:1|1,2|1,3|0,4|0,5|1,6|0,7|1    count:131
RX:1|1,2|1,3|0,4|0,5|1,6|0,7|1    count:132
RX:1|1,2|1,3|0,4|0,5|1,6|0,7|1    count:133
RX:1|1,2|1,3|0,4|0,5|1,6|0,7|1    count:134
RX:1|1,2|1,3|0,4|0,5|1,6|0,7|1    count:135
RX:1|1,2|1,3|0,4|0,5|1,6|0,7|1    count:136
RX:1|1,2|1,3|0,4|0,5|1,6|0,7|1    count:137
RX:1|1,2|1,3|0,4|0,5|1,6|0,7|1    count:138
RX:1|1,2|1,3|0,4|0,5|1,6|0,7|1    count:139
RX:1|1,2|1,3|0,4|0,5|1,6|0,7|1    count:140
