RX:1|1,2|1,3|0,4|0,5|1,6|0,7|1    count:4
RX:1|1,2|1,3|0,4|0,5|1,6|0,7|1    count:5
RX:1|1,2|1,3|0,4|0,5|1,6|0,7|1    count:6
RX:1|1,2|1,3|0,4|0,5|1,6|0,7|1    count:7
RX:1|1,2|1,3|0,4|0,5|1,6|0,7|1    count:8
RX:1|1,2|1,3|0,4|0,5|1,6|0,7|1    count:9
RX:1|1,2|1,3|0,4|0,5|1,6|0,7|1    count:10
RX:1|1,2|1,3|0,4|0,5|1,6|0,7|1    count:11
RX:1|1,2|1,3|0,4|0,5|1,6|0,7|1    count:12
RX:1|1,2|1,3|0,4|0,5|1,6|0,7|1    count:13
RX:1|1,2|1,3|0,4|0,5|1,6|0,7|1    count:14
RX:1|1,2|1,3|0,4|0,5|1,6|0,7|1    count:15
RX:1|1,2|1,3|0,4|0,5|1,6|0,7|1    count:16
RX:1|1,2|1,3|0,4|0,5|1,6|0,7|1    count:17
RX:1|1,2|1,3|0,4|0,5|1,6|0,7|1    count:18
RX:1|1,2|1,3|0,4|0,5|1,6|0,7|1    count:19
RX:1|1,2|1,3|0,4|0,5|1,6|0,7|1    count:20
RX:1|1,2|1,3|0,4|0,5|1,6|0,7|1    count:21
RX:1|1,2|1,3|0,4|0,5|1,6|0,7|1    count:22
RX:1|1,2|1,3|0,4|0,5|1,6|0,7|1    count:23
RX:1|1,2|1,3|0,4|0,5|1,6|0,7|1    count:24
RX:1|1,2|1,3|0,4|0,5|1,6|0,7|1    count:25
RX:1|1,2|1,3|0,4|0,5|1,6|0,7|1    count:26
RX:1|1,2|1,3|0,4|0,5|1,6|0,7|1    count:27
RX:1|1,2|1,3|0,4|0,5|1,6|0,7|1    count:28
RX:1|1,2|1,3|0,4|0,5|1,6|0,7|1    count:29
RX:1|1,2|1,3|0,4|0,5|1,6|0,7|1    count:30
RX:1|1,2|1,3|0,4|0,5|1,6|0,7|1    count:31
RX:1|1,2|1,3|0,4|0,5|1,6|0,7|1    count:32
RX:1|1,2|1,3|0,4|0,5|1,6|0,7|1    count:33
RX:1|1,2|1,3|0,4|0,5|1,6|0,7|1    count:34
RX:1|1,2|1,3|0,4|0,5|1,6|0,7|1    count:35
RX:1|1,2|1,3|0,4|0,5|1,6|0,7|1    count:36
RX:1|1,2|1,3|0,4|0,5|1,6|0,7|1    count:37
RX:1|1,2|1,3|0,4|0,5|1,6|0,7|1    count:38
RX:1|1,2|1,3|0,4|0,5|1,6|0,7|1    count:39
RX:1|1,2|1,3|0,4|0,5|1,6|0,7|1    count:40
RX:1|1,2|1,3|0,4|0,5|1,6|0,7|1    count:41
RX:1|1,2|1,3|0,4|0,5|1,6|0,7|1    count:42
RX:1|1,2|1,3|0,4|0,5|1,6|0,7|1    count:43
RX:1|1,2|1,3|0,4|0,5|1,6|0,7|1    count:44
RX:1|1,2|1,3|0,4|0,5|1,6|0,7|1    count:45
RX:1|1,2|1,3|0,4|0,5|1,6|0,7|1    count:46
RX:1|1,2|1,3|0,4|0,5|1,6|0,7|1    count:47
RX:1|1,2|1,3|0,4|0,5|1,6|0,7|1    count:48
RX:1|1,2|1,3|0,4|0,5|1,6|0,7|1    count:49
RX:1|1,2|1,3|0,4|0,5|1,6|0,7|1    count:50
RX:1|1,2|1,3|0,4|0,5|1,6|0,7|1    count:51
RX:1|1,2|1,3|0,4|0,5|1,6|0,7|1    count:52
RX:1|1,2|1,3|0,4|0,5|1,6|0,7|1    count:53
RX:1|1,2|1,3|0,4|0,5|1,6|0,7|1    count:54
RX:1|1,2|1,3|0,4|0,5|1,6|0,7|1    count:55
RX:1|1,2|1,3|0,4|0,5|1,6|0,7|1    count:56
RX:1|1,2|1,3|0,4|0,5|1,6|0,7|1    count:57
RX:1|1,2|1,3|0,4|0,5|1,6|0,7|1    count:58
RX:1|1,2|1,3|0,4|0,5|1,6|0,7|1    count:59
RX:1|1,2|1,3|0,4|0,5|1,6|0,7|1    count:60
RX:1|1,2|1,3|0,4|0,5|1,6|0,7|1    count:61
RX:1|1,2|1,3|0,4|0,5|1,6|0,7|1    count:62
RX:1|1,2|1,3|0,4|0,5|1,6|0,7|1    count:63
RX:1|1,2|1,3|0,4|0,5|1,6|0,7|1    count:64
RX:1|1,2|1,3|0,4|0,5|1,6|0,7|1    count:65
RX:1|1,2|1,3|0,4|0,5|1,6|0,7|1    count:66
RX:1|1,2|1,3|0,4|0,5|1,6|0,7|1    count:67
RX:1|1,2|1,3|0,4|0,5|1,6|0,7|1    count:68
RX:1|1,2|1,3|0,4|0,5|1,6|0,7|1    count:69
RX:1|1,2|1,3|0,4|0,5|1,6|0,7|1    count:70
RX:1|1,2|1,3|0,4|0,5|1,6|0,7|1    count:71
RX:1|1,2|1,3|0,4|0,5|1,6|0,7|1    count:72
RX:1|1,2|1,3|0,4|0,5|1,6|0,7|1    count:73
RX:1|1,2|1,3|0,4|0,5|1,6|0,7|1    count:74
RX:1|1,2|1,3|0,4|0,5|1,6|0,7|1    count:75
RX:1|1,2|1,3|0,4|0,5|1,6|0,7|1    count:76
RX:1|1,2|1,3|0,4|0,5|1,6|0,7|1    count:77
RX:1|1,2|1,3|0,4|0,5|1,6|0,7|1    count:78
RX:1|1,2|1,3|0,4|0,5|1,6|0,7|1    count:79
RX:1|1,2|1,3|0,4|0,5|1,6|0,7|1    count:80
RX:1|1,2|1,3|0,4|0,5|1,6|0,7|1    count:81
RX:1|1,2|1,3|0,4|0,5|1,6|0,7|1    count:82
RX:1|1,2|1,3|0,4|0,5|1,6|0,7|1    count:83
RX:1|1,2|1,3|0,4|0,5|1,6|0,7|1    count:84
RX:1|1,2|1,3|0,4|0,5|1,6|0,7|1    count:85
RX:1|1,2|1,3|0,4|0,5|1,6|0,7|1    count:86
RX:1|1,2|1,3|0,4|0,5|1,6|0,7|1    count:87
RX:1|1,2|1,3|0,4|0,5|1,6|0,7|1    count:88
RX:1|1,2|1,3|0,4|0,5|1,6|0,7|1    count:89
RX:1|1,2|1,3|0,4|0,5|1,6|0,7|1    count:90
RX:1|1,2|1,3|0,4|0,5|1,6|0,7|1    count:91
RX:1|1,2|1,3|0,4|0,5|1,6|0,7|1    count:92
RX:1|1,2|1,3|0,4|0,5|1,6|0,7|1    count:93
RX:1|1,2|1,3|0,4|0,5|1,6|0,7|1    count:94
RX:1|1,2|1,3|0,4|0,5|1,6|0,7|1    count:95
RX:1|1,2|1,3|0,4|0,5|1,6|0,7|1    count:96
RX:1|1,2|1,3|0,4|0,5|1,6|0,7|1    count:97
RX:1|1,2|1,3|0,4|0,5|1,6|0,7|1    count:98
RX:1|1,2|1,3|0,4|0,5|1,6|0,7|1    count:99
RX:1|1,2|1,3|0,4|0,5|1,6|0,7|1    count:100
RX:1|1,2|1,3|0,4|0,5|1,6|0,7|1    count:101
RX:1|1,2|1,3|0,4|0,5|1,6|0,7|1    count:102
RX:1|1,2|1,3|0,4|0,5|1,6|0,7|1    count:103
RX:1|1,2|1,3|0,4|0,5|1,6|0,7|1    count:104
RX:1|1,2|1,3|0,4|0,5|1,6|0,7|1    count:105
RX:1|1,2|1,3|0,4|0,5|1,6|0,7|1    count:106
RX:1|1,2|1,3|0,4|0,5|1,6|0,7|1    count:107
RX:1|1,2|1,3|0,4|0,5|1,6|0,7|1    count:108
RX:1|1,2|1,3|0,4|0,5|1,6|0,7|1    count:109
RX:1|1,2|1,3|0,4|0,5|1,6|0,7|1    count:110
RX:1|1,2|1,3|0,4|0,5|1,6|0,7|1    count:111
RX:1|1,2|1,3|0,4|0,5|1,6|0,7|1    count:112
RX:1|1,2|1,3|0,4|0,5|1,6|0,7|1    count:113
RX:1|1,2|1,3|0,4|0,5|1,6|0,7|1    count:114
RX:1|1,2|1,3|0,4|0,5|1,6|0,7|1    count:115
RX:1|1,2|1,3|0,4|0,5|1,6|0,7|1    count:116
RX:1|1,2|1,3|0,4|0,5|1,6|0,7|1    count:117
RX:1|1,2|1,3|0,4|0,5|1,6|0,7|1    count:118
RX:1|1,2|1,3|0,4|0,5|1,6|0,7|1    count:119
RX:1|1,2|1,3|0,4|0,5|1,6|0,7|1    count:120
RX:1|1,2|1,3|0,4|0,5|1,6|0,7|1    count:121
RX:1|1,2|1,3|0,4|0,5|1,6|0,7|1    count:122
RX:1|1,2|1,3|0,4|0,5|1,6|0,7|1    count:123
RX:1|1,2|1,3|0,4|0,5|1,6|0,7|1    count:124
RX:1|1,2|1,3|0,4|0,5|1,6|0,7|1    count:125
RX:1|1,2|1,3|0,4|0,5|1,6|0,7|1    count:126
RX:1|1,2|1,3|0,4|0,5|1,6|0,7|1    count:127
RX:1|1,2|1,3|0,4|0,5|1,6|0,7|1    count:128
RX:1|1,2|1,3|0,4|0,5|1,6|0,7|1    count:129
RX:1|1,2|1,3|0,4|0,5|1,6|0,7|1    count:130
RX:1|1,2|1,3|0,4|0,5|1,6|0,7|1    count:131
RX:1|1,2|1,3|0,4|0,5|1,6|0,7|1    count:132
RX:1|1,2|1,3|0,4|0,5|1,6|0,7|1    count:133
RX:1|1,2|1,3|0,4|0,5|1,6|0,7|1    count:134
RX:1|1,2|1,3|0,4|0,5|1,6|0,7|1    count:135
RX:1|1,2|1,3|0,4|0,5|1,6|0,7|1    count:136
RX:1|1,2|1,3|0,4|0,5|1,6|0,7|1    count:137
RX:1|1,2|1,3|0,4|0,5|1,6|0,7|1    count:138
RX:1|1,2|1,3|0,4|0,5|1,6|0,7|1    count:139
RX:1|1,2|1,3|0,4|0,5|1,6|0,7|1    count:140
RX:1|1,2|1,3|0,4|0,5|1,6|0,7|1    count:141
RX:1|1,2|1,3|0,4|0,5|1,6|0,7|1    count:142
RX:1|1,2|1,3|0,4|0,5|1,6|0,7|1    count:143
RX:1|1,2|1,3|0,4|0,5|1,6|0,7|1    count:144
RX:1|1,2|1,3|0,4|0,5|1,6|0,7|1    count:145
RX:1|1,2|1,3|0,4|0,5|1,6|0,7|1    count:146
RX:1|1,2|1,3|0,4|0,5|1,6|0,7|1    count:147
RX:1|1,2|1,3|0,4|0,5|1,6|0,7|1    count:148
RX:1|1,2|1,3|0,4|0,5|1,6|0,7|1    count:149
RX:1|1,2|1,3|0,4|0,5|1,6|0,7|1    count:150
RX:1|1,2|1,3|0,4|0,5|1,6|0,7|1    count:151
RX:1|1,2|1,3|0,4|0,5|1,6|0,7|1    count:152
RX:1|1,2|1,3|0,4|0,5|1,6|0,7|1    count:153
RX:1|1,2|1,3|0,4|0,5|1,6|0,7|1    count:154
RX:1|1,2|1,3|0,4|0,5|1,6|0,7|1    count:155
RX:1|1,2|1,3|0,4|0,5|1,6|0,7|1    count:156
RX:1|1,2|1,3|0,4|0,5|1,6|0,7|1    count:157
RX:1|1,2|1,3|0,4|0,5|1,6|0,7|1    count:158
RX:1|1,2|1,3|0,4|0,5|1,6|0,7|1    count:159
RX:1|1,2|1,3|0,4|0,5|1,6|0,7|1    count:160
RX:1|1,2|1,3|0,4|0,5|1,6|0,7|1    count:161
RX:1|1,2|1,3|0,4|0,5|1,6|0,7|1    count:162
RX:1|1,2|1,3|0,4|0,5|1,6|0,7|1    count:163
RX:1|1,2|1,3|0,4|0,5|1,6|0,7|1    count:164
RX:1|1,2|1,3|0,4|0,5|1,6|0,7|1    count:165
RX:1|1,2|1,3|0,4|0,5|1,6|0,7|1    count:166
RX:1|1,2|1,3|0,4|0,5|1,6|0,7|1    count:167
RX:1|1,2|1,3|0,4|0,5|1,6|0,7|1    count:168
RX:1|1,2|1,3|0,4|0,5|1,6|0,7|1    count:169
RX:1|1,2|1,3|0,4|0,5|1,6|0,7|1    count:170
RX:1|1,2|1,3|0,4|0,5|1,6|0,7|1    count:171
RX:1|1,2|1,3|0,4|0,5|1,6|0,7|1    count:172
RX:1|1,2|1,3|0,4|0,5|1,6|0,7|1    count:173
RX:1|1,2|1,3|0,4|0,5|1,6|0,7|1    count:174
RX:1|1,2|1,3|0,4|0,5|1,6|0,7|1    count:175
RX:1|1,2|1,3|0,4|0,5|1,6|0,7|1    count:176
RX:1|1,2|1,3|0,4|0,5|1,6|0,7|1    count:177
RX:1|1,2|1,3|0,4|0,5|1,6|0,7|1    count:178
RX:1|1,2|1,3|0,4|0,5|1,6|0,7|1    count:179
RX:1|1,2|1,3|0,4|0,5|1,6|0,7|1    count:180
RX:1|1,2|1,3|0,4|0,5|1,6|0,7|1    count:181
RX:1|1,2|1,3|0,4|0,5|1,6|0,7|1    count:182
RX:1|1,2|1,3|0,4|0,5|1,6|0,7|1    count:183
RX:1|1,2|1,3|0,4|0,5|1,6|0,7|1    count:184
RX:1|1,2|1,3|0,4|0,5|1,6|0,7|1    count:185
RX:1|1,2|1,3|0,4|0,5|1,6|0,7|1    count:186
RX:1|1,2|1,3|0,4|0,5|1,6|0,7|1    count:187
RX:1|1,2|1,3|0,4|0,5|1,6|0,7|1    count:188
RX:1|1,2|1,3|0,4|0,5|1,6|0,7|1    count:189
RX:1|1,2|1,3|0,4|0,5|1,6|0,7|1    count:190
RX:1|1,2|1,3|0,4|0,5|1,6|0,7|1    count:191
RX:1|1,2|1,3|0,4|0,5|1,6|0,7|1    count:192
RX:1|1,2|1,3|0,4|0,5|1,6|0,7|1    count:193
RX:1|1,2|1,3|0,4|0,5|1,6|0,7|1    count:194
RX:1|1,2|1,3|0,4|0,5|1,6|0,7|1    count:195
RX:1|1,2|1,3|0,4|0,5|1,6|0,7|1    count:196
RX:1|1,2|1,3|0,4|0,5|1,6|0,7|1    count:197
RX:1|1,2|1,3|0,4|0,5|1,6|0,7|1    count:198
RX:1|1,2|1,3|0,4|0,5|1,6|0,7|1    count:199
RX:1|1,2|1,3|0,4|0,5|1,6|0,7|1    count:200
RX:1|1,2|1,3|0,4|0,5|1,6|0,7|1    count:201
RX:1|1,2|1,3|0,4|0,5|1,6|0,7|1    count:202
RX:1|1,2|1,3|0,4|0,5|1,6|0,7|1    count:203
RX:1|1,2|1,3|0,4|0,5|1,6|0,7|1    count:204
RX:1|1,2|1,3|0,4|0,5|1,6|0,7|1    count:205
RX:1|1,2|1,3|0,4|0,5|1,6|0,7|1    count:206
RX:1|1,2|1,3|0,4|0,5|1,6|0,7|1    count:207
RX:1|1,2|1,3|0,4|0,5|1,6|0,7|1    count:208
RX:1|1,2|1,3|0,4|0,5|1,6|0,7|1    count:209
RX:1|1,2|1,3|0,4|0,5|1,6|0,7|1    count:210
RX:1|1,2|1,3|0,4|0,5|1,6|0,7|1    count:211
RX:1|1,2|1,3|0,4|0,5|1,6|0,7|1    count:212
